# 22737
22737 6.258773377 # [32, 91, 72, 58, 78, 133, 43, 209, 62, 175, 170, 137, 162, 60, 103, 205, 202, 67, 73, 123, 231, 165, 109, 250, 11, 219, 222, 35, 18, 78, 1, 94, 26]
# 57110
57110 25.551785366 # [32, 218, 179, 186, 6, 14, 179, 50, 39, 112, 36, 220, 228, 57, 235, 17, 184, 143, 95, 184, 154, 46, 25, 167, 141, 181, 162, 178, 103, 109, 120, 21, 236]
# 69159
69159 25.869289354 # [32, 245, 152, 251, 19, 184, 43, 90, 12, 144, 202, 138, 142, 179, 82, 235, 147, 164, 111, 148, 232, 44, 229, 251, 67, 51, 165, 192, 12, 170, 153, 119, 183]
# 8392
8392 3.101202498 # [32, 182, 115, 235, 159, 234, 184, 6, 5, 84, 228, 207, 119, 87, 43, 232, 241, 8, 236, 79, 167, 39, 32, 94, 142, 56, 211, 104, 102, 212, 51, 153, 45]
# 76902
76902 25.648460471 # [32, 207, 70, 179, 142, 137, 64, 55, 228, 249, 156, 147, 136, 234, 49, 20, 136, 94, 54, 241, 10, 210, 78, 58, 30, 8, 248, 244, 170, 250, 164, 247, 180]
# 50383
50383 12.64689798 # [32, 127, 33, 2, 122, 16, 123, 114, 152, 229, 67, 250, 164, 186, 97, 106, 55, 141, 186, 82, 119, 46, 15, 121, 255, 173, 213, 156, 136, 18, 14, 97, 148]
# 55225
55225 12.623925312 # [32, 103, 152, 187, 248, 76, 249, 39, 81, 226, 10, 224, 101, 185, 78, 67, 252, 49, 39, 105, 121, 4, 188, 57, 27, 69, 239, 56, 113, 236, 216, 172, 251]
# 77826
77826 25.744101553 # [32, 134, 109, 191, 161, 8, 4, 113, 172, 117, 0, 214, 96, 214, 185, 56, 135, 97, 1, 245, 238, 232, 105, 2, 228, 212, 163, 213, 125, 156, 62, 21, 187]
# 1604
1604 1.575029238 # [32, 157, 98, 44, 153, 221, 98, 64, 81, 80, 68, 94, 138, 138, 0, 70, 193, 51, 103, 54, 134, 133, 23, 113, 55, 172, 177, 8, 53, 68, 87, 172, 8]
# 84777
84777 25.906940537 # [32, 219, 156, 238, 87, 74, 34, 97, 93, 155, 43, 193, 75, 29, 126, 148, 186, 6, 239, 2, 232, 46, 99, 25, 91, 130, 50, 145, 92, 94, 107, 188, 146]
# 4408
4408 3.125571201 # [32, 51, 201, 76, 163, 207, 169, 114, 12, 87, 45, 198, 199, 94, 167, 201, 222, 56, 24, 6, 66, 254, 50, 205, 67, 80, 27, 249, 23, 249, 105, 154, 123]
# 26340
26340 12.611894672 # [32, 159, 233, 167, 24, 254, 97, 222, 255, 32, 33, 252, 70, 222, 138, 81, 119, 207, 191, 1, 12, 157, 204, 248, 34, 211, 101, 165, 70, 207, 27, 40, 192]
# 69074
69074 25.911318712 # [32, 10, 57, 200, 247, 170, 39, 228, 93, 187, 225, 74, 0, 6, 223, 16, 240, 128, 35, 48, 233, 3, 101, 176, 179, 27, 228, 235, 98, 94, 13, 19, 233]
# 32797
32797 12.709982075 # [32, 56, 193, 179, 152, 219, 72, 70, 254, 230, 100, 36, 9, 13, 93, 9, 200, 102, 142, 37, 202, 203, 95, 140, 242, 71, 82, 143, 138, 37, 121, 58, 128]
# 63390
63390 26.037027189 # [32, 173, 176, 3, 136, 43, 171, 166, 26, 50, 73, 202, 131, 231, 39, 122, 49, 231, 132, 9, 78, 0, 161, 203, 190, 251, 123, 112, 146, 40, 233, 96, 106]
# 28569
28569 12.776717113 # [32, 174, 143, 17, 104, 159, 241, 54, 190, 113, 88, 61, 61, 186, 107, 109, 84, 90, 98, 135, 173, 44, 26, 219, 225, 49, 30, 142, 216, 233, 34, 203, 126]
# 71785
71785 26.069557778 # [32, 35, 157, 192, 125, 22, 150, 212, 152, 58, 95, 239, 231, 210, 30, 143, 216, 186, 25, 157, 13, 213, 119, 87, 50, 228, 56, 16, 32, 11, 128, 142, 243]
# 74034
74034 25.757786679 # [32, 52, 86, 83, 150, 23, 177, 178, 9, 7, 47, 164, 122, 7, 224, 2, 8, 175, 177, 241, 39, 122, 21, 221, 99, 2, 163, 12, 139, 209, 117, 234, 211]
# 74042
74042 25.622124222 # [32, 110, 27, 98, 23, 225, 79, 239, 127, 136, 160, 236, 85, 49, 75, 206, 186, 128, 24, 165, 248, 59, 187, 231, 0, 133, 136, 98, 216, 144, 42, 80, 57]
# 55975
55975 12.645394951 # [32, 0, 101, 26, 27, 207, 162, 90, 86, 86, 49, 160, 186, 150, 57, 47, 204, 165, 51, 140, 18, 246, 73, 65, 23, 9, 165, 155, 36, 249, 147, 7, 64]
# 80532
80532 27.03322732 # [32, 53, 146, 40, 97, 142, 200, 192, 44, 5, 236, 136, 163, 78, 244, 85, 111, 179, 167, 123, 200, 38, 153, 6, 146, 125, 68, 66, 210, 228, 124, 25, 77]
# 38058
38058 12.674766994 # [32, 202, 169, 57, 165, 24, 252, 46, 42, 34, 114, 91, 11, 247, 187, 202, 115, 47, 145, 164, 41, 155, 179, 48, 150, 212, 27, 205, 82, 46, 81, 17, 119]
# 93061
93061 26.327713343 # [32, 148, 38, 61, 104, 54, 81, 96, 161, 140, 159, 170, 115, 235, 181, 30, 42, 194, 207, 80, 75, 255, 111, 199, 100, 223, 10, 232, 14, 211, 166, 130, 154]
# 47786
47786 13.379454954 # [32, 220, 68, 145, 204, 201, 238, 126, 240, 14, 228, 251, 238, 174, 116, 247, 163, 220, 251, 163, 150, 76, 46, 227, 252, 95, 109, 47, 166, 112, 214, 54, 17]
# 18658
18658 6.435126955 # [32, 233, 6, 47, 20, 72, 175, 137, 130, 149, 118, 173, 196, 254, 187, 213, 194, 107, 178, 251, 133, 10, 106, 148, 123, 252, 192, 194, 247, 234, 219, 56, 90]
# 96607
