# 68106
68106 310.053698794 # [32, 21, 219, 202, 84, 162, 124, 233, 208, 25, 236, 155, 200, 143, 44, 243, 138, 229, 97, 23, 196, 171, 122, 171, 22, 59, 103, 19, 129, 197, 166, 1, 99]
# 59893
59893 311.787215544 # [32, 102, 64, 183, 253, 25, 6, 166, 243, 132, 74, 236, 160, 47, 236, 13, 25, 135, 183, 189, 153, 65, 23, 80, 99, 129, 173, 207, 99, 231, 16, 43, 94]
# 94858
94858 311.700544684 # [32, 214, 214, 135, 169, 101, 28, 93, 91, 227, 149, 140, 168, 1, 95, 21, 175, 33, 248, 8, 149, 84, 189, 170, 194, 84, 107, 96, 53, 81, 189, 85, 122]
# 70791
70791 309.438794537 # [32, 204, 155, 4, 227, 248, 185, 41, 251, 154, 195, 117, 145, 98, 197, 199, 182, 242, 157, 251, 252, 95, 234, 201, 147, 88, 122, 77, 81, 225, 108, 189, 252]
# 7805
7805 38.050430079 # [32, 148, 82, 84, 196, 111, 244, 216, 61, 161, 19, 211, 16, 168, 10, 14, 49, 1, 90, 184, 141, 80, 238, 127, 152, 28, 128, 121, 52, 92, 101, 201, 234]
# 48867
48867 154.92166499 # [32, 148, 130, 154, 86, 85, 174, 143, 30, 163, 162, 103, 74, 203, 160, 211, 28, 2, 254, 218, 247, 12, 132, 229, 252, 205, 22, 102, 65, 13, 98, 240, 153]
# 36430
36430 154.893733264 # [32, 249, 216, 221, 81, 188, 69, 86, 91, 102, 195, 239, 101, 106, 69, 225, 227, 155, 246, 53, 207, 254, 68, 8, 139, 123, 144, 84, 179, 106, 131, 199, 227]
# 40677
40677 154.491981573 # [32, 44, 42, 61, 3, 224, 54, 130, 109, 216, 251, 168, 13, 58, 72, 240, 189, 9, 42, 107, 240, 87, 240, 79, 108, 246, 15, 88, 124, 234, 202, 239, 111]
# 56111
56111 309.68293847 # [32, 161, 96, 133, 80, 158, 151, 30, 52, 128, 163, 157, 35, 103, 157, 169, 145, 69, 254, 187, 113, 136, 118, 160, 126, 75, 64, 163, 51, 86, 192, 105, 207]
# 48786
48786 154.506687186 # [32, 43, 230, 227, 205, 148, 137, 71, 70, 60, 218, 240, 139, 77, 116, 68, 149, 9, 112, 193, 99, 213, 114, 38, 113, 52, 230, 30, 83, 45, 90, 204, 63]
# 40328
40328 154.51817353 # [32, 28, 74, 199, 12, 233, 94, 182, 218, 221, 120, 106, 157, 83, 217, 79, 216, 61, 64, 237, 227, 50, 101, 225, 15, 201, 111, 176, 184, 186, 148, 103, 219]
# 64808
64808 311.33459872 # [32, 169, 98, 91, 194, 254, 35, 33, 152, 224, 30, 7, 190, 83, 127, 160, 183, 162, 58, 69, 18, 179, 245, 245, 46, 166, 89, 101, 57, 92, 121, 98, 154]
# 28512
28512 154.19339466 # [32, 109, 92, 212, 62, 245, 214, 55, 38, 106, 170, 181, 45, 144, 58, 159, 94, 167, 133, 108, 19, 110, 125, 25, 81, 226, 42, 33, 151, 172, 55, 215, 238]
# 75525
75525 309.557559346 # [32, 95, 9, 71, 27, 5, 66, 131, 194, 40, 129, 52, 226, 85, 70, 40, 10, 202, 28, 10, 62, 65, 62, 218, 198, 103, 246, 111, 29, 30, 30, 228, 228]
# 42993
42993 154.439784341 # [32, 30, 21, 212, 111, 173, 250, 64, 99, 52, 57, 33, 77, 227, 38, 98, 126, 10, 109, 221, 146, 204, 66, 241, 146, 162, 235, 103, 154, 209, 249, 246, 123]
# 92250
92250 311.380563289 # [32, 155, 248, 162, 68, 175, 52, 62, 201, 130, 85, 28, 4, 19, 127, 220, 118, 10, 115, 165, 76, 7, 179, 95, 138, 110, 225, 92, 94, 41, 50, 156, 179]
# 90002
90002 311.976775226 # [32, 13, 171, 221, 240, 251, 19, 11, 224, 68, 0, 11, 1, 142, 7, 27, 25, 167, 94, 95, 147, 92, 56, 254, 76, 139, 10, 177, 183, 92, 108, 56, 137]
# 20630
20630 76.378661915 # [32, 30, 224, 63, 75, 230, 238, 162, 0, 185, 233, 16, 222, 236, 2, 238, 65, 254, 89, 32, 192, 213, 223, 247, 29, 37, 87, 221, 125, 28, 118, 4, 157]
# 64620
64620 309.362912792 # [32, 49, 44, 47, 57, 7, 101, 139, 87, 219, 123, 154, 235, 80, 68, 243, 93, 162, 102, 98, 202, 4, 37, 45, 87, 153, 26, 215, 164, 87, 168, 91, 141]
# 33240
33240 154.472711818 # [32, 99, 43, 12, 221, 180, 230, 179, 161, 204, 48, 121, 18, 180, 142, 98, 137, 154, 244, 188, 0, 33, 127, 67, 191, 142, 252, 65, 195, 30, 226, 127, 55]
# 30019
30019 153.74331099 # [32, 60, 224, 119, 84, 219, 144, 126, 31, 93, 202, 155, 185, 31, 46, 211, 85, 211, 3, 187, 159, 76, 205, 232, 156, 177, 30, 232, 11, 188, 241, 207, 8]
# 93607
93607 311.136575787 # [32, 93, 231, 246, 96, 7, 178, 27, 3, 194, 11, 223, 188, 143, 42, 73, 212, 52, 55, 172, 117, 245, 210, 52, 185, 124, 61, 83, 162, 138, 109, 55, 230]
# 13630
13630 76.557980463 # [32, 64, 219, 221, 96, 252, 74, 216, 76, 148, 241, 164, 25, 26, 157, 203, 105, 204, 236, 93, 117, 59, 59, 61, 28, 181, 248, 155, 193, 125, 176, 78, 218]
# 83813
83813 312.318508269 # [32, 8, 138, 41, 213, 5, 69, 56, 152, 25, 204, 238, 200, 232, 210, 109, 202, 171, 245, 154, 8, 173, 58, 60, 20, 182, 117, 28, 226, 90, 193, 53, 123]
# 33340
33340 154.228562538 # [32, 133, 226, 39, 159, 7, 90, 7, 123, 47, 195, 166, 188, 78, 167, 218, 89, 109, 171, 237, 142, 1, 114, 240, 97, 250, 62, 217, 252, 95, 222, 48, 23]
# 30143
30143 153.616562412 # [32, 215, 45, 154, 218, 163, 72, 75, 221, 171, 136, 198, 235, 252, 162, 108, 98, 212, 103, 42, 130, 150, 193, 115, 188, 48, 227, 61, 11, 121, 136, 106, 11]
# 20567
20567 76.441721178 # [32, 249, 100, 55, 104, 228, 147, 204, 213, 129, 29, 164, 199, 134, 203, 27, 50, 121, 239, 60, 53, 78, 174, 134, 66, 149, 10, 79, 5, 36, 130, 175, 57]
# 50229
50229 154.638472865 # [32, 180, 192, 15, 192, 102, 177, 84, 38, 118, 227, 187, 140, 210, 159, 141, 234, 180, 80, 114, 21, 13, 104, 244, 163, 43, 15, 61, 25, 64, 188, 150, 79]
# 45832
45832 154.170687015 # [32, 61, 144, 220, 23, 191, 89, 253, 20, 234, 185, 253, 33, 103, 231, 96, 205, 223, 113, 112, 82, 77, 234, 28, 169, 90, 36, 105, 146, 23, 124, 204, 232]
# 39586
39586 154.545485544 # [32, 166, 94, 201, 57, 245, 129, 86, 128, 45, 241, 30, 243, 197, 103, 135, 74, 51, 47, 95, 18, 67, 130, 9, 140, 15, 199, 102, 9, 204, 16, 144, 232]
# 42888
42888 154.327220834 # [32, 238, 29, 243, 246, 129, 28, 197, 166, 169, 139, 11, 8, 254, 144, 109, 103, 19, 208, 86, 218, 158, 220, 158, 18, 59, 187, 25, 201, 80, 151, 184, 207]
# 11588
11588 76.007831151 # [32, 57, 144, 20, 15, 221, 70, 185, 124, 122, 104, 245, 137, 149, 214, 123, 123, 173, 226, 100, 26, 64, 5, 146, 216, 99, 229, 188, 100, 172, 115, 155, 107]
# 53269
53269 155.459957858 # [32, 185, 132, 169, 138, 68, 29, 242, 147, 53, 17, 5, 100, 130, 51, 37, 210, 221, 59, 221, 139, 42, 152, 198, 239, 208, 167, 140, 75, 197, 178, 153, 187]
# 4946
4946 38.065241181 # [32, 26, 142, 190, 99, 47, 228, 82, 224, 117, 172, 158, 112, 10, 63, 41, 114, 137, 206, 151, 144, 2, 99, 247, 163, 14, 163, 251, 75, 129, 125, 204, 34]
# 9467
9467 38.024365559 # [32, 111, 167, 130, 136, 212, 130, 11, 211, 124, 225, 48, 10, 211, 98, 247, 41, 64, 112, 14, 241, 208, 249, 7, 175, 231, 58, 153, 219, 61, 46, 204, 51]
# 9095
9095 38.264473202 # [32, 90, 174, 54, 147, 204, 101, 173, 198, 217, 19, 7, 5, 80, 177, 150, 45, 178, 98, 229, 62, 131, 243, 124, 134, 55, 79, 195, 74, 201, 18, 135, 9]
# 63927
63927 308.789368366 # [32, 237, 47, 146, 162, 201, 88, 85, 141, 218, 157, 85, 166, 101, 92, 75, 161, 220, 76, 80, 126, 166, 25, 226, 72, 37, 255, 202, 13, 56, 151, 208, 59]
# 13294
13294 76.703277955 # [32, 11, 142, 98, 129, 224, 63, 51, 101, 26, 249, 205, 215, 68, 151, 175, 115, 121, 108, 210, 29, 231, 36, 213, 52, 189, 178, 153, 119, 96, 82, 107, 135]
# 95924
95924 312.076025873 # [32, 210, 207, 168, 53, 231, 215, 233, 43, 224, 64, 133, 208, 206, 147, 166, 253, 75, 80, 73, 219, 37, 59, 185, 237, 12, 31, 67, 33, 23, 156, 216, 28]
# 47679
47679 155.319910835 # [32, 207, 151, 129, 30, 9, 203, 162, 65, 178, 108, 193, 215, 127, 200, 16, 44, 98, 46, 159, 125, 194, 71, 148, 204, 159, 242, 9, 197, 76, 110, 241, 179]
# 68266
68266 312.65094485 # [32, 59, 48, 0, 247, 104, 29, 180, 37, 39, 14, 204, 141, 128, 41, 104, 235, 219, 88, 172, 47, 195, 24, 182, 145, 21, 169, 195, 79, 203, 112, 1, 165]
# 74758
74758 310.981318028 # [32, 43, 236, 63, 38, 143, 186, 172, 187, 170, 232, 199, 6, 110, 180, 133, 174, 251, 91, 158, 237, 30, 9, 8, 232, 68, 221, 205, 207, 35, 179, 70, 255]
# 91865
91865 311.500721492 # [32, 73, 153, 35, 246, 102, 33, 182, 33, 92, 78, 157, 41, 156, 211, 246, 120, 164, 113, 158, 17, 237, 115, 1, 248, 59, 49, 50, 180, 9, 156, 180, 120]
# 75725
75725 311.330410453 # [32, 23, 176, 114, 6, 220, 94, 20, 223, 131, 55, 119, 241, 3, 53, 28, 246, 75, 35, 71, 34, 242, 248, 202, 50, 143, 32, 111, 109, 213, 62, 9, 1]
# 23882
23882 76.744650127 # [32, 59, 59, 41, 29, 232, 200, 131, 196, 208, 161, 170, 194, 115, 34, 242, 218, 34, 222, 120, 114, 215, 20, 200, 60, 106, 47, 4, 37, 17, 102, 86, 157]
# 12510
12510 76.043598813 # [32, 95, 158, 108, 151, 80, 244, 212, 79, 239, 250, 202, 66, 194, 162, 123, 0, 115, 198, 186, 221, 56, 67, 187, 33, 92, 106, 8, 70, 131, 184, 121, 9]
# 97526
97526 312.376512329 # [32, 221, 243, 43, 55, 112, 52, 171, 222, 178, 230, 180, 226, 175, 54, 249, 240, 107, 88, 110, 244, 241, 15, 161, 189, 69, 128, 63, 97, 37, 133, 113, 15]
# 84378
84378 309.936319179 # [32, 129, 117, 120, 53, 131, 50, 136, 207, 251, 70, 197, 84, 74, 128, 148, 65, 57, 2, 148, 204, 222, 123, 222, 219, 127, 39, 32, 166, 176, 105, 192, 235]
# 40862
40862 154.151374261 # [32, 125, 65, 38, 178, 149, 40, 122, 113, 243, 237, 156, 165, 19, 177, 74, 173, 54, 4, 64, 113, 216, 23, 142, 117, 184, 172, 76, 84, 158, 157, 67, 5]
# 81893
81893 313.984919914 # [32, 204, 200, 149, 237, 245, 225, 125, 146, 84, 122, 221, 246, 236, 241, 137, 250, 187, 51, 75, 144, 97, 45, 171, 61, 174, 203, 136, 13, 252, 176, 38, 38]
# 65522
65522 310.827945391 # [32, 133, 179, 205, 239, 251, 74, 178, 234, 119, 43, 96, 53, 223, 23, 177, 82, 19, 102, 202, 253, 6, 211, 71, 232, 221, 115, 154, 214, 4, 7, 131, 231]
# 92834
92834 315.325940937 # [32, 158, 47, 100, 168, 125, 148, 129, 201, 5, 123, 127, 24, 229, 138, 159, 172, 228, 158, 121, 32, 157, 102, 249, 116, 245, 145, 25, 223, 96, 6, 222, 113]
# 43611
43611 154.409931378 # [32, 15, 127, 152, 0, 17, 3, 224, 100, 89, 239, 0, 154, 208, 164, 176, 177, 171, 100, 114, 141, 120, 15, 59, 246, 79, 240, 34, 26, 35, 101, 200, 67]
# 34081
34081 154.281409026 # [32, 190, 250, 78, 230, 201, 229, 221, 100, 229, 90, 73, 55, 237, 125, 21, 116, 162, 121, 198, 69, 91, 166, 159, 97, 179, 42, 27, 113, 148, 192, 10, 8]
# 9160
9160 38.159192133 # [32, 219, 230, 216, 147, 92, 93, 106, 142, 134, 102, 209, 229, 15, 171, 146, 228, 1, 208, 241, 51, 222, 211, 130, 158, 118, 49, 246, 166, 49, 192, 239, 247]
# 59368
59368 309.411171734 # [32, 97, 244, 214, 61, 166, 101, 135, 107, 227, 230, 106, 164, 205, 68, 47, 154, 146, 100, 199, 62, 57, 118, 26, 116, 15, 255, 50, 195, 37, 162, 18, 17]
# 46614
46614 154.614742618 # [32, 122, 189, 137, 172, 203, 37, 152, 40, 81, 235, 206, 50, 21, 220, 212, 133, 117, 223, 146, 42, 213, 130, 60, 104, 175, 136, 71, 154, 251, 237, 49, 37]
# 42368
42368 154.453461615 # [32, 200, 241, 234, 253, 28, 78, 38, 214, 105, 89, 82, 241, 64, 37, 200, 151, 153, 217, 64, 143, 165, 201, 1, 30, 60, 189, 212, 155, 94, 124, 216, 42]
# 15243
15243 77.627366931 # [32, 94, 207, 93, 114, 42, 78, 7, 246, 62, 42, 45, 97, 66, 135, 7, 185, 198, 216, 243, 131, 199, 75, 252, 158, 168, 14, 70, 134, 116, 76, 175, 2]
# 66105
66105 309.585596402 # [32, 31, 103, 72, 57, 167, 128, 40, 148, 22, 150, 182, 185, 129, 52, 140, 190, 61, 147, 137, 200, 177, 205, 221, 253, 71, 254, 132, 144, 249, 144, 164, 222]
# 3662
3662 37.864375092 # [32, 38, 71, 245, 192, 54, 47, 7, 229, 155, 176, 109, 154, 253, 12, 119, 243, 103, 121, 209, 241, 250, 106, 154, 15, 120, 118, 140, 69, 229, 104, 100, 80]
# 45033
45033 153.996732223 # [32, 168, 202, 65, 96, 42, 170, 179, 6, 164, 26, 247, 253, 174, 13, 236, 91, 233, 223, 201, 75, 93, 0, 75, 123, 213, 219, 143, 91, 41, 144, 185, 18]
# 24255
24255 76.800353577 # [32, 199, 223, 188, 191, 14, 85, 136, 25, 100, 17, 70, 108, 182, 176, 160, 191, 111, 254, 42, 142, 202, 175, 227, 86, 29, 175, 37, 51, 55, 197, 98, 64]
# 94304
94304 310.874498778 # [32, 192, 179, 56, 177, 115, 195, 16, 138, 72, 20, 97, 63, 246, 60, 139, 183, 222, 155, 194, 91, 154, 108, 55, 214, 37, 248, 193, 107, 179, 248, 84, 197]
# 35738
35738 154.605587205 # [32, 188, 84, 146, 167, 62, 7, 125, 87, 109, 69, 252, 209, 202, 24, 160, 178, 152, 87, 27, 59, 24, 55, 146, 90, 52, 39, 159, 7, 37, 13, 87, 138]
# 6858
6858 38.051691424 # [32, 185, 251, 168, 231, 134, 8, 91, 22, 96, 196, 156, 236, 56, 40, 111, 199, 231, 133, 177, 12, 38, 184, 25, 166, 215, 79, 141, 197, 154, 161, 82, 138]
# 12706
12706 76.197731358 # [32, 165, 70, 17, 254, 7, 247, 166, 71, 51, 84, 242, 101, 1, 183, 60, 201, 30, 102, 40, 126, 221, 166, 47, 115, 201, 55, 198, 255, 83, 68, 86, 174]
# 49517
49517 153.706370442 # [32, 23, 26, 45, 176, 153, 122, 157, 61, 247, 11, 48, 35, 77, 152, 198, 160, 62, 71, 32, 134, 170, 122, 59, 165, 91, 144, 28, 10, 169, 79, 223, 58]
# 25989
25989 154.0416247 # [32, 141, 17, 246, 198, 137, 163, 60, 10, 60, 24, 232, 210, 56, 34, 128, 93, 135, 36, 45, 107, 9, 59, 44, 73, 0, 91, 217, 59, 249, 76, 36, 112]
# 90036
90036 314.073197122 # [32, 225, 151, 82, 43, 55, 20, 253, 201, 41, 141, 104, 114, 128, 123, 227, 240, 67, 140, 233, 166, 165, 127, 115, 28, 245, 229, 10, 95, 175, 79, 217, 176]
# 96766
96766 312.582079188 # [32, 142, 16, 92, 185, 135, 129, 49, 92, 34, 206, 92, 94, 212, 73, 49, 179, 90, 207, 224, 184, 32, 253, 6, 80, 102, 25, 138, 146, 125, 10, 86, 40]
# 48696
48696 155.321630288 # [32, 3, 185, 83, 141, 78, 39, 218, 13, 57, 173, 204, 7, 66, 204, 6, 141, 194, 87, 203, 200, 186, 179, 202, 50, 196, 190, 32, 53, 21, 89, 42, 126]
# 18251
18251 76.746381706 # [32, 135, 93, 18, 32, 26, 229, 106, 230, 3, 53, 174, 229, 119, 167, 67, 69, 114, 249, 62, 177, 36, 142, 20, 222, 58, 165, 119, 156, 64, 22, 250, 221]
# 81948
81948 312.894297423 # [32, 41, 83, 116, 188, 250, 64, 91, 53, 171, 184, 225, 144, 152, 195, 7, 186, 254, 100, 140, 79, 136, 26, 45, 102, 121, 197, 132, 241, 245, 106, 150, 29]
# 82258
82258 310.387976235 # [32, 224, 212, 179, 255, 111, 106, 31, 117, 18, 220, 32, 126, 95, 99, 141, 168, 92, 44, 219, 206, 207, 222, 21, 39, 199, 98, 34, 183, 17, 62, 56, 32]
# 63956
63956 312.325309252 # [32, 233, 27, 201, 242, 211, 248, 20, 237, 250, 173, 63, 55, 67, 47, 249, 137, 44, 188, 231, 101, 145, 62, 126, 233, 215, 220, 101, 0, 33, 153, 186, 61]
# 44563
44563 154.817171785 # [32, 120, 101, 131, 107, 67, 195, 120, 28, 63, 182, 69, 33, 121, 1, 28, 163, 139, 200, 16, 129, 148, 31, 132, 171, 8, 47, 86, 152, 2, 182, 71, 44]
# 21342
21342 76.892660308 # [32, 53, 75, 104, 13, 163, 71, 231, 78, 26, 209, 184, 93, 211, 4, 186, 148, 30, 48, 82, 10, 234, 171, 190, 146, 100, 58, 111, 83, 250, 11, 253, 89]
# 75834
75834 310.903646845 # [32, 176, 40, 171, 71, 47, 186, 49, 57, 21, 142, 178, 190, 49, 66, 218, 33, 241, 217, 173, 126, 224, 74, 154, 105, 237, 82, 250, 51, 155, 79, 217, 239]
# 63309
63309 310.847215718 # [32, 49, 157, 17, 20, 173, 191, 203, 31, 35, 174, 253, 61, 159, 177, 243, 205, 67, 63, 156, 241, 241, 115, 168, 41, 140, 237, 53, 9, 80, 116, 27, 195]
# 20505
20505 76.990023667 # [32, 177, 164, 136, 228, 170, 249, 117, 74, 15, 187, 22, 31, 138, 64, 254, 232, 77, 230, 172, 148, 36, 182, 190, 66, 106, 154, 78, 132, 199, 254, 46, 172]
# 93868
93868 312.947427778 # [32, 191, 143, 250, 254, 69, 36, 74, 75, 183, 87, 15, 195, 217, 109, 125, 126, 135, 15, 95, 65, 67, 181, 49, 170, 42, 199, 178, 243, 116, 250, 235, 89]
# 51105
51105 154.479626913 # [32, 116, 211, 69, 240, 143, 143, 47, 233, 167, 150, 56, 110, 254, 67, 174, 216, 144, 50, 247, 43, 210, 220, 228, 244, 34, 13, 108, 153, 75, 129, 51, 163]
# 63494
63494 310.145884187 # [32, 172, 219, 162, 118, 70, 148, 165, 133, 127, 207, 26, 5, 118, 142, 205, 59, 168, 80, 149, 0, 229, 35, 144, 68, 54, 93, 199, 86, 24, 63, 185, 167]
# 70891
70891 310.558709634 # [32, 107, 149, 80, 200, 255, 66, 211, 213, 100, 228, 224, 108, 22, 242, 117, 133, 151, 110, 93, 201, 164, 9, 115, 145, 216, 39, 89, 72, 218, 153, 23, 8]
# 6827
6827 38.384600523 # [32, 155, 102, 99, 196, 201, 180, 4, 247, 156, 232, 26, 191, 28, 154, 77, 29, 89, 250, 89, 65, 64, 178, 254, 108, 103, 140, 254, 22, 41, 252, 167, 181]
# 85566
85566 310.323686883 # [32, 1, 246, 133, 208, 24, 116, 74, 164, 191, 209, 54, 74, 113, 154, 189, 2, 238, 48, 216, 22, 160, 55, 251, 231, 103, 238, 117, 151, 239, 166, 59, 13]
# 50616
50616 154.958870205 # [32, 244, 140, 154, 179, 234, 86, 251, 6, 211, 8, 116, 225, 179, 50, 241, 216, 9, 143, 197, 203, 201, 116, 146, 90, 202, 212, 88, 147, 21, 9, 178, 205]
# 21624
21624 76.993381362 # [32, 95, 221, 81, 105, 42, 162, 41, 181, 111, 144, 211, 29, 93, 13, 229, 209, 121, 33, 158, 198, 82, 10, 181, 110, 53, 1, 138, 55, 35, 180, 107, 59]
# 96948
96948 313.2005278 # [32, 161, 57, 100, 53, 57, 142, 247, 68, 80, 76, 224, 165, 255, 220, 25, 50, 83, 117, 61, 71, 222, 64, 195, 18, 120, 19, 146, 47, 94, 190, 22, 143]
# 62504
62504 311.978889382 # [32, 166, 26, 200, 206, 205, 79, 84, 201, 166, 129, 9, 111, 127, 156, 65, 72, 132, 214, 150, 164, 75, 159, 106, 118, 101, 250, 172, 20, 91, 1, 32, 141]
# 44906
44906 154.579014974 # [32, 89, 90, 251, 223, 104, 172, 79, 166, 152, 137, 108, 56, 152, 98, 169, 56, 197, 14, 254, 12, 134, 106, 51, 1, 178, 22, 249, 62, 66, 7, 178, 31]
# 59939
59939 309.202262538 # [32, 162, 49, 29, 164, 238, 122, 222, 23, 29, 108, 216, 78, 110, 206, 84, 110, 27, 148, 200, 43, 147, 75, 72, 194, 71, 143, 23, 159, 174, 182, 70, 42]
# 88350
88350 312.101215196 # [32, 213, 146, 244, 161, 29, 133, 164, 211, 152, 75, 58, 226, 135, 140, 103, 195, 96, 53, 199, 103, 98, 13, 30, 211, 118, 107, 57, 255, 212, 121, 94, 139]
# 68661
68661 312.131984406 # [32, 136, 250, 58, 98, 239, 110, 135, 17, 174, 12, 92, 92, 86, 184, 175, 95, 147, 116, 90, 84, 97, 171, 108, 162, 23, 219, 10, 172, 156, 142, 42, 47]
# 88569
88569 310.891914106 # [32, 26, 222, 106, 215, 59, 182, 151, 213, 42, 207, 177, 246, 224, 62, 169, 188, 231, 111, 70, 237, 74, 129, 120, 70, 148, 206, 188, 149, 3, 127, 46, 18]
# 40502
40502 153.419551844 # [32, 245, 176, 26, 108, 246, 251, 244, 153, 175, 32, 97, 72, 221, 119, 92, 30, 160, 50, 68, 117, 147, 45, 137, 57, 88, 214, 252, 105, 250, 48, 192, 119]
# 78189
78189 312.778728541 # [32, 69, 233, 87, 165, 90, 103, 129, 23, 160, 41, 4, 72, 55, 203, 115, 151, 61, 217, 0, 218, 70, 223, 159, 250, 27, 208, 146, 186, 15, 65, 210, 248]
# 86476
86476 311.251047494 # [32, 77, 8, 252, 251, 152, 91, 1, 92, 200, 169, 55, 62, 1, 157, 52, 109, 176, 194, 19, 44, 221, 157, 49, 114, 23, 22, 192, 188, 252, 210, 32, 232]
# 53210
53210 154.574014765 # [32, 66, 192, 129, 254, 199, 69, 60, 226, 212, 94, 11, 178, 150, 10, 106, 144, 164, 246, 235, 31, 221, 168, 174, 195, 225, 128, 123, 240, 77, 138, 116, 49]
# 97493
97493 312.761412623 # [32, 20, 155, 238, 11, 216, 144, 88, 88, 118, 18, 215, 38, 236, 164, 6, 100, 167, 148, 110, 110, 173, 153, 141, 101, 159, 228, 22, 201, 39, 209, 78, 90]
# 55213
55213 155.190672357 # [32, 146, 216, 203, 173, 208, 60, 232, 142, 236, 229, 29, 65, 78, 147, 39, 5, 33, 160, 20, 128, 54, 72, 140, 187, 4, 94, 80, 146, 251, 232, 161, 3]
# 74737
74737 311.38854682 # [32, 153, 156, 56, 116, 235, 122, 3, 66, 104, 64, 165, 217, 57, 71, 187, 204, 255, 28, 102, 192, 72, 152, 194, 225, 137, 198, 155, 251, 232, 168, 141, 197]
# 58926
58926 312.144064925 # [32, 157, 20, 155, 24, 161, 56, 196, 173, 177, 45, 131, 242, 132, 94, 146, 252, 137, 226, 168, 203, 145, 240, 150, 71, 191, 249, 149, 107, 81, 120, 189, 147]
# 41457
41457 154.691377217 # [32, 123, 233, 232, 183, 130, 19, 187, 93, 52, 235, 82, 142, 188, 116, 213, 87, 235, 220, 236, 1, 133, 94, 222, 154, 254, 135, 87, 124, 201, 215, 99, 226]
# 10066
10066 76.59378085 # [32, 120, 212, 194, 193, 174, 89, 181, 223, 176, 30, 195, 20, 90, 34, 156, 104, 128, 135, 73, 152, 81, 195, 11, 14, 83, 255, 164, 30, 165, 38, 14, 218]
# 84199
84199 311.717364187 # [32, 231, 67, 215, 42, 14, 131, 133, 143, 176, 198, 153, 182, 119, 125, 35, 96, 33, 147, 60, 201, 252, 35, 56, 166, 106, 76, 158, 134, 118, 62, 231, 184]
# 59831
59831 308.324097926 # [32, 251, 185, 248, 26, 205, 156, 130, 122, 245, 21, 82, 119, 65, 63, 210, 253, 170, 150, 217, 229, 75, 13, 17, 67, 43, 28, 226, 192, 245, 187, 7, 111]
# 88798
88798 313.269116449 # [32, 44, 17, 112, 120, 249, 142, 58, 255, 90, 129, 73, 155, 126, 93, 24, 11, 250, 56, 114, 224, 7, 191, 160, 253, 97, 123, 49, 106, 235, 230, 89, 146]
# 2004
2004 37.746346986 # [32, 94, 227, 20, 177, 161, 246, 209, 221, 196, 113, 182, 160, 174, 215, 195, 230, 120, 72, 62, 218, 185, 247, 158, 100, 74, 58, 167, 122, 140, 109, 63, 91]
# 9028
9028 37.948234133 # [32, 80, 205, 170, 11, 79, 180, 5, 91, 251, 55, 218, 0, 178, 29, 65, 211, 229, 19, 170, 253, 134, 110, 203, 205, 181, 104, 79, 78, 61, 129, 9, 195]
# 3056
3056 37.95055618 # [32, 129, 167, 178, 20, 248, 134, 166, 229, 66, 239, 140, 64, 82, 188, 3, 139, 198, 124, 47, 137, 90, 27, 1, 153, 227, 168, 49, 194, 119, 40, 249, 247]
# 26656
26656 153.257640821 # [32, 156, 160, 54, 197, 74, 38, 177, 60, 70, 95, 18, 137, 251, 186, 132, 149, 46, 27, 193, 30, 83, 2, 160, 214, 254, 0, 85, 68, 95, 13, 186, 75]
# 20204
20204 77.094754435 # [32, 253, 247, 125, 253, 34, 32, 80, 220, 136, 197, 229, 152, 76, 118, 57, 200, 69, 11, 49, 28, 129, 224, 114, 12, 246, 170, 114, 107, 9, 55, 43, 206]
# 71236
71236 312.340361114 # [32, 19, 187, 237, 115, 205, 67, 60, 129, 178, 212, 157, 121, 142, 133, 51, 116, 143, 181, 56, 84, 187, 82, 194, 126, 221, 200, 129, 95, 128, 252, 108, 74]
# 40825
40825 153.540879004 # [32, 93, 186, 126, 84, 65, 55, 138, 166, 234, 193, 48, 247, 138, 109, 80, 214, 254, 97, 167, 89, 55, 138, 182, 244, 84, 113, 112, 209, 39, 160, 237, 178]
# 44552
44552 153.891896926 # [32, 130, 163, 209, 76, 126, 119, 218, 212, 39, 131, 16, 190, 118, 203, 21, 60, 237, 145, 182, 175, 101, 224, 0, 28, 154, 231, 13, 142, 101, 93, 33, 106]
# 38586
38586 154.506700257 # [32, 248, 56, 227, 134, 105, 39, 20, 64, 167, 89, 51, 253, 241, 159, 29, 132, 45, 212, 168, 113, 140, 82, 115, 229, 22, 89, 109, 152, 97, 6, 251, 100]
# 7329
7329 37.835648572 # [32, 168, 80, 176, 94, 9, 137, 194, 240, 103, 62, 47, 228, 239, 194, 15, 31, 3, 94, 99, 58, 70, 125, 235, 236, 137, 1, 180, 182, 130, 207, 232, 80]
# 82074
82074 310.294145078 # [32, 210, 57, 138, 44, 15, 59, 83, 153, 163, 90, 22, 197, 31, 213, 166, 255, 116, 62, 241, 14, 77, 204, 38, 47, 124, 28, 120, 191, 36, 151, 201, 89]
# 16945
16945 76.073481108 # [32, 80, 16, 251, 156, 127, 114, 11, 67, 68, 40, 47, 31, 235, 48, 180, 32, 143, 59, 47, 71, 242, 255, 65, 251, 24, 227, 248, 246, 244, 191, 142, 235]
# 9457
9457 38.240493244 # [32, 30, 134, 59, 93, 191, 166, 11, 154, 136, 220, 30, 193, 62, 132, 115, 172, 121, 101, 133, 180, 182, 196, 38, 33, 217, 251, 221, 114, 202, 141, 141, 138]
# 90029
90029 311.398428785 # [32, 41, 76, 104, 149, 89, 139, 198, 93, 115, 236, 56, 125, 58, 49, 181, 178, 34, 214, 99, 132, 19, 148, 82, 110, 122, 72, 15, 120, 128, 50, 179, 161]
# 38262
38262 154.49925812 # [32, 57, 131, 42, 120, 203, 94, 217, 201, 188, 198, 201, 118, 237, 14, 213, 86, 126, 230, 20, 193, 233, 185, 189, 58, 166, 175, 242, 192, 195, 125, 255, 213]
# 32497
32497 154.476700906 # [32, 210, 236, 60, 110, 74, 253, 64, 125, 63, 242, 111, 31, 39, 237, 43, 31, 24, 75, 211, 103, 253, 135, 64, 53, 112, 85, 170, 13, 210, 199, 86, 177]
# 6531
6531 38.004284573 # [32, 238, 34, 224, 161, 201, 80, 128, 174, 234, 73, 197, 237, 115, 36, 167, 230, 53, 187, 54, 174, 113, 208, 79, 209, 198, 174, 209, 188, 156, 44, 150, 8]
# 28407
28407 153.103161731 # [32, 159, 25, 13, 15, 228, 199, 122, 181, 96, 208, 235, 138, 210, 226, 139, 136, 202, 208, 114, 118, 183, 28, 144, 28, 26, 147, 1, 25, 62, 114, 65, 247]
# 23117
23117 77.045458337 # [32, 236, 242, 122, 35, 139, 207, 237, 244, 159, 234, 95, 190, 166, 227, 31, 33, 141, 225, 212, 81, 43, 52, 145, 184, 71, 235, 77, 239, 174, 251, 37, 39]
# 3918
3918 38.145154383 # [32, 169, 146, 188, 27, 63, 133, 162, 234, 215, 103, 226, 24, 236, 32, 177, 128, 70, 139, 174, 128, 85, 182, 180, 119, 121, 195, 187, 60, 14, 95, 126, 99]
# 75999
75999 309.828064537 # [32, 0, 158, 144, 160, 99, 163, 80, 193, 104, 17, 134, 239, 9, 6, 152, 53, 56, 28, 70, 199, 26, 123, 75, 47, 210, 7, 42, 4, 42, 22, 240, 112]
# 11220
11220 75.585945138 # [32, 8, 174, 10, 158, 234, 221, 240, 28, 37, 220, 20, 136, 9, 245, 210, 61, 185, 135, 108, 60, 156, 19, 89, 36, 199, 23, 224, 253, 198, 172, 141, 40]
# 52455
52455 154.610482441 # [32, 190, 219, 32, 34, 34, 181, 85, 127, 19, 62, 45, 239, 230, 115, 74, 236, 243, 231, 239, 48, 137, 89, 136, 222, 135, 238, 106, 138, 118, 74, 191, 205]
# 1346
1346 18.758322547 # [32, 129, 213, 225, 103, 227, 199, 96, 46, 102, 124, 106, 32, 68, 76, 157, 10, 196, 231, 19, 142, 183, 227, 21, 25, 87, 239, 174, 6, 186, 86, 157, 221]
# 3160
3160 37.986398835 # [32, 71, 135, 66, 192, 220, 195, 32, 130, 233, 122, 32, 43, 59, 26, 245, 65, 76, 203, 53, 168, 236, 252, 125, 35, 1, 14, 100, 77, 229, 228, 111, 122]
# 87363
87363 308.850544956 # [32, 165, 59, 203, 104, 200, 113, 128, 198, 244, 202, 242, 188, 37, 52, 52, 131, 134, 64, 244, 139, 139, 147, 130, 96, 171, 87, 19, 160, 127, 215, 45, 254]
# 57687
57687 309.564983207 # [32, 153, 192, 68, 150, 165, 25, 73, 201, 25, 28, 82, 252, 125, 219, 230, 63, 246, 108, 153, 49, 17, 18, 200, 96, 213, 18, 113, 80, 245, 40, 32, 84]
# 29874
29874 153.539905203 # [32, 182, 215, 31, 75, 177, 149, 143, 188, 97, 46, 250, 25, 123, 97, 186, 225, 34, 132, 212, 61, 189, 118, 67, 192, 107, 5, 128, 158, 26, 130, 79, 145]
# 35540
35540 154.484458071 # [32, 177, 93, 3, 192, 59, 0, 187, 45, 7, 193, 24, 147, 128, 216, 99, 26, 135, 16, 144, 250, 62, 243, 222, 216, 150, 241, 65, 38, 81, 36, 111, 69]
# 86158
86158 310.264232896 # [32, 141, 191, 69, 156, 254, 52, 139, 224, 184, 175, 104, 247, 4, 103, 158, 153, 191, 19, 55, 188, 102, 79, 251, 166, 157, 49, 26, 12, 229, 147, 23, 164]
# 84576
84576 309.729122575 # [32, 226, 94, 247, 46, 246, 169, 9, 182, 129, 8, 67, 154, 9, 101, 165, 162, 122, 83, 51, 41, 121, 111, 113, 198, 242, 80, 115, 238, 17, 221, 179, 56]
# 79304
79304 309.274691791 # [32, 65, 132, 243, 41, 6, 214, 180, 36, 118, 106, 225, 164, 28, 183, 216, 43, 248, 119, 217, 160, 17, 189, 153, 185, 2, 52, 98, 240, 126, 72, 60, 201]
# 8410
8410 38.156327628 # [32, 200, 136, 73, 59, 62, 42, 23, 244, 26, 3, 23, 52, 73, 218, 47, 71, 170, 35, 60, 180, 101, 125, 126, 36, 231, 24, 42, 74, 217, 159, 166, 9]
# 35599
35599 153.2164249 # [32, 232, 230, 247, 145, 230, 111, 252, 73, 83, 164, 157, 0, 243, 104, 69, 141, 238, 36, 235, 72, 20, 207, 150, 69, 185, 221, 225, 107, 241, 45, 113, 54]
# 52514
52514 154.292857523 # [32, 120, 86, 152, 85, 167, 6, 239, 169, 222, 245, 217, 149, 218, 129, 144, 248, 65, 98, 253, 55, 65, 21, 185, 163, 57, 131, 189, 255, 49, 162, 6, 75]
# 51158
51158 154.994716705 # [32, 113, 191, 55, 101, 69, 179, 121, 227, 200, 148, 9, 254, 234, 227, 146, 36, 93, 61, 119, 81, 60, 102, 92, 192, 129, 201, 139, 100, 118, 216, 214, 249]
# 62816
62816 310.207579036 # [32, 202, 249, 14, 243, 142, 207, 41, 172, 30, 229, 3, 178, 119, 114, 130, 74, 136, 221, 164, 130, 48, 103, 62, 160, 190, 93, 124, 184, 252, 233, 213, 164]
# 41240
41240 155.946186017 # [32, 112, 38, 107, 83, 82, 108, 179, 205, 128, 147, 235, 12, 252, 45, 66, 254, 188, 75, 202, 107, 171, 75, 192, 115, 56, 33, 89, 55, 204, 5, 94, 30]
# 4332
4332 37.647598589 # [32, 157, 32, 120, 165, 189, 203, 127, 100, 69, 0, 49, 153, 157, 41, 77, 214, 141, 211, 12, 73, 199, 26, 205, 231, 232, 38, 16, 131, 77, 164, 148, 105]
# 32860
32860 153.075871669 # [32, 31, 13, 17, 160, 151, 76, 77, 229, 134, 160, 70, 60, 188, 251, 156, 200, 48, 89, 89, 226, 68, 37, 110, 235, 157, 36, 176, 36, 161, 82, 38, 24]
# 95194
95194 308.811507155 # [32, 178, 111, 213, 209, 206, 84, 92, 135, 138, 142, 215, 95, 127, 213, 203, 249, 189, 53, 12, 170, 254, 49, 65, 78, 105, 140, 18, 228, 75, 74, 114, 110]
# 71405
71405 309.605239064 # [32, 237, 212, 147, 253, 244, 65, 208, 212, 59, 97, 174, 22, 188, 197, 206, 174, 170, 169, 202, 12, 209, 230, 72, 40, 11, 67, 69, 61, 231, 5, 118, 84]
# 98405
98405 309.183856105 # [32, 77, 104, 228, 161, 175, 99, 207, 201, 67, 168, 59, 73, 156, 110, 200, 198, 226, 131, 142, 184, 18, 120, 62, 237, 38, 178, 24, 104, 69, 216, 38, 167]
# 86278
86278 310.29422821 # [32, 145, 139, 233, 1, 145, 225, 88, 71, 250, 0, 171, 77, 26, 13, 215, 150, 172, 67, 157, 119, 173, 19, 239, 0, 246, 2, 226, 166, 238, 254, 83, 55]
# 12994
12994 76.214058717 # [32, 241, 145, 0, 216, 179, 231, 27, 234, 215, 158, 108, 16, 157, 86, 144, 190, 39, 107, 55, 64, 238, 31, 117, 120, 131, 3, 223, 129, 47, 121, 4, 13]
# 12940
12940 76.061038386 # [32, 169, 45, 47, 28, 109, 96, 249, 76, 98, 81, 217, 24, 45, 246, 20, 0, 197, 53, 119, 130, 47, 64, 87, 229, 7, 136, 158, 189, 160, 227, 230, 17]
# 72464
72464 309.106845345 # [32, 151, 51, 154, 215, 119, 206, 34, 13, 190, 231, 90, 57, 112, 199, 131, 246, 4, 140, 149, 19, 210, 177, 206, 245, 39, 88, 185, 26, 231, 35, 25, 142]
# 7023
7023 37.802168655 # [32, 39, 163, 164, 46, 245, 195, 245, 134, 2, 10, 84, 134, 70, 162, 28, 64, 8, 72, 111, 111, 174, 4, 181, 0, 16, 170, 113, 230, 69, 0, 92, 87]
# 92414
92414 312.184180338 # [32, 71, 65, 162, 114, 6, 157, 36, 145, 15, 54, 183, 217, 141, 186, 60, 238, 162, 141, 187, 183, 49, 23, 36, 37, 157, 145, 192, 116, 34, 227, 44, 105]
# 64838
64838 308.213437541 # [32, 48, 182, 40, 119, 148, 97, 40, 200, 31, 162, 83, 230, 57, 23, 89, 243, 196, 144, 156, 170, 72, 254, 207, 113, 51, 87, 194, 92, 209, 156, 7, 167]
# 36494
36494 152.548719281 # [32, 26, 108, 206, 68, 23, 19, 185, 143, 130, 231, 228, 121, 78, 184, 215, 93, 145, 246, 222, 145, 233, 39, 204, 232, 3, 110, 204, 42, 176, 66, 52, 215]
# 2702
2702 37.755814873 # [32, 146, 184, 215, 79, 32, 40, 54, 144, 221, 54, 240, 126, 125, 62, 159, 171, 90, 30, 246, 183, 188, 88, 163, 86, 241, 117, 119, 115, 98, 93, 194, 162]
# 1212
1212 18.831251888 # [32, 125, 107, 174, 249, 101, 165, 7, 181, 100, 104, 150, 3, 70, 241, 72, 61, 30, 169, 202, 93, 86, 129, 104, 20, 100, 83, 15, 120, 89, 90, 172, 176]
# 6543
6543 38.10757173 # [32, 201, 187, 7, 31, 86, 122, 17, 30, 93, 73, 244, 219, 191, 135, 214, 214, 81, 244, 71, 6, 188, 101, 24, 171, 21, 30, 128, 40, 1, 175, 133, 92]
# 90880
90880 311.489802094 # [32, 116, 27, 141, 127, 196, 34, 167, 18, 193, 13, 71, 7, 85, 238, 189, 240, 74, 20, 167, 194, 47, 96, 196, 242, 218, 218, 24, 254, 192, 91, 56, 102]
# 93708
93708 309.600975967 # [32, 67, 251, 54, 56, 19, 216, 181, 33, 226, 155, 41, 4, 21, 255, 152, 90, 35, 70, 61, 231, 79, 12, 242, 131, 147, 40, 140, 115, 50, 250, 8, 194]
# 29270
29270 152.831861271 # [32, 42, 247, 124, 214, 63, 253, 243, 151, 29, 193, 224, 218, 64, 1, 149, 149, 168, 47, 25, 130, 61, 216, 75, 130, 239, 118, 244, 127, 174, 56, 102, 185]
# 30847
30847 152.577666626 # [32, 215, 255, 243, 202, 151, 219, 226, 147, 222, 128, 30, 229, 254, 43, 133, 184, 108, 18, 22, 74, 84, 200, 99, 223, 153, 46, 116, 62, 142, 68, 211, 48]
# 5030
5030 37.656414856 # [32, 231, 214, 106, 39, 248, 37, 243, 104, 237, 69, 146, 39, 181, 71, 104, 208, 247, 145, 154, 83, 204, 178, 124, 157, 66, 91, 40, 200, 145, 51, 230, 122]
# 54233
54233 154.497496031 # [32, 12, 126, 231, 111, 209, 150, 19, 133, 182, 121, 124, 116, 139, 45, 90, 44, 211, 25, 89, 110, 30, 12, 243, 7, 116, 65, 208, 132, 156, 248, 53, 72]
# 7834
7834 37.836812681 # [32, 147, 50, 138, 18, 113, 244, 28, 136, 229, 162, 169, 250, 248, 135, 36, 90, 63, 20, 17, 119, 78, 149, 182, 241, 149, 178, 112, 147, 115, 39, 198, 253]
# 29610
29610 153.799033846 # [32, 60, 171, 241, 0, 100, 207, 156, 247, 97, 65, 102, 170, 202, 169, 7, 182, 108, 191, 53, 22, 84, 191, 251, 162, 186, 99, 172, 91, 118, 67, 121, 252]
# 28966
28966 152.315960591 # [32, 194, 223, 28, 216, 187, 62, 238, 86, 169, 95, 28, 37, 199, 73, 41, 0, 43, 176, 129, 92, 186, 244, 215, 195, 252, 56, 233, 149, 145, 42, 53, 233]
# 87643
87643 308.179027481 # [32, 190, 203, 24, 84, 246, 117, 147, 250, 59, 7, 65, 162, 106, 123, 81, 76, 158, 34, 119, 125, 39, 167, 2, 112, 169, 29, 43, 30, 9, 31, 28, 46]
# 55550
55550 153.463113488 # [32, 244, 228, 153, 65, 107, 219, 81, 203, 236, 58, 206, 179, 219, 237, 102, 9, 158, 228, 235, 198, 128, 96, 62, 152, 22, 236, 22, 157, 157, 216, 230, 10]
# 69923
69923 309.76009755 # [32, 165, 136, 45, 99, 230, 65, 123, 16, 163, 148, 228, 18, 12, 112, 162, 209, 121, 164, 175, 110, 112, 61, 119, 253, 129, 159, 231, 49, 2, 240, 110, 130]
# 64517
64517 309.588802756 # [32, 16, 171, 246, 20, 178, 248, 115, 14, 198, 114, 107, 138, 58, 162, 162, 182, 206, 251, 57, 189, 159, 197, 79, 158, 176, 17, 219, 125, 5, 206, 209, 114]
# 81141
81141 308.364767563 # [32, 214, 90, 231, 117, 44, 57, 236, 178, 249, 141, 134, 146, 174, 20, 188, 14, 226, 90, 232, 84, 54, 163, 137, 9, 231, 77, 106, 212, 0, 123, 172, 226]
# 82657
82657 306.91169114 # [32, 102, 28, 217, 244, 160, 104, 38, 74, 179, 66, 16, 255, 119, 147, 220, 102, 191, 202, 88, 57, 143, 222, 49, 107, 240, 108, 157, 134, 44, 217, 40, 213]
# 56345
56345 309.168408725 # [32, 21, 221, 16, 173, 24, 149, 106, 27, 13, 58, 204, 147, 24, 87, 191, 130, 113, 246, 31, 227, 216, 20, 139, 242, 130, 32, 204, 26, 195, 222, 119, 73]
# 88015
